矩阵的顶点数：
6
 玩家的数量：
4
0 32767 1 1 1 32767 
32767 0 32767 1 32767 1 
1 32767 0 1 32767 1 
1 1 1 0 1 32767 
1 32767 32767 1 0 1 
32767 1 1 32767 1 0 

0 1 32767 32767 32767 1 
1 0 32767 1 32767 1 
32767 32767 0 1 32767 1 
32767 1 1 0 1 1 
32767 32767 32767 1 0 1 
1 1 1 1 1 0 

0 32767 1 32767 32767 1 
32767 0 32767 32767 1 32767 
1 32767 0 1 1 1 
32767 32767 1 0 1 32767 
32767 1 1 1 0 32767 
1 32767 1 32767 32767 0 

0 1 1 1 32767 32767 
1 0 1 32767 32767 32767 
1 1 0 1 1 32767 
1 32767 1 0 32767 1 
32767 32767 1 32767 0 1 
32767 32767 32767 1 1 0 

