矩阵的顶点数：
10
 玩家的数量：
9
0 32767 32767 32767 32767 1 1 32767 32767 1 
32767 0 1 1 1 1 1 1 32767 1 
32767 1 0 1 1 32767 32767 1 1 32767 
32767 1 1 0 1 32767 32767 32767 32767 1 
32767 1 1 1 0 1 32767 1 1 32767 
1 1 32767 32767 1 0 32767 1 32767 1 
1 1 32767 32767 32767 32767 0 32767 1 32767 
32767 1 1 32767 1 1 32767 0 1 32767 
32767 32767 1 32767 1 32767 1 1 0 32767 
1 1 32767 1 32767 1 32767 32767 32767 0 

0 32767 1 32767 1 32767 1 32767 32767 1 
32767 0 1 32767 1 1 1 1 1 1 
1 1 0 32767 1 1 1 1 1 32767 
32767 32767 32767 0 32767 1 1 1 1 32767 
1 1 1 32767 0 1 32767 1 32767 1 
32767 1 1 1 1 0 32767 1 32767 1 
1 1 1 1 32767 32767 0 1 32767 32767 
32767 1 1 1 1 1 1 0 1 32767 
32767 1 1 1 32767 32767 32767 1 0 32767 
1 1 32767 32767 1 1 32767 32767 32767 0 

0 32767 32767 32767 32767 32767 32767 32767 1 1 
32767 0 1 32767 1 1 32767 32767 1 1 
32767 1 0 32767 1 1 1 1 1 32767 
32767 32767 32767 0 1 1 32767 1 1 1 
32767 1 1 1 0 32767 32767 1 1 1 
32767 1 1 1 32767 0 1 32767 1 32767 
32767 32767 1 32767 32767 1 0 32767 1 32767 
32767 32767 1 1 1 32767 32767 0 1 32767 
1 1 1 1 1 1 1 1 0 32767 
1 1 32767 1 1 32767 32767 32767 32767 0 

0 32767 32767 32767 32767 1 32767 32767 32767 32767 
32767 0 1 32767 1 32767 1 32767 1 1 
32767 1 0 32767 32767 1 32767 32767 1 1 
32767 32767 32767 0 32767 1 1 32767 1 1 
32767 1 32767 32767 0 1 32767 32767 32767 1 
1 32767 1 1 1 0 1 32767 32767 32767 
32767 1 32767 1 32767 1 0 1 1 1 
32767 32767 32767 32767 32767 32767 1 0 32767 1 
32767 1 1 1 32767 32767 1 32767 0 32767 
32767 1 1 1 1 32767 1 1 32767 0 

0 32767 32767 1 32767 1 32767 1 32767 32767 
32767 0 1 1 32767 1 1 32767 32767 32767 
32767 1 0 32767 1 1 32767 1 1 1 
1 1 32767 0 1 1 32767 1 32767 1 
32767 32767 1 1 0 32767 1 32767 32767 32767 
1 1 1 1 32767 0 32767 1 1 32767 
32767 1 32767 32767 1 32767 0 32767 1 1 
1 32767 1 1 32767 1 32767 0 1 1 
32767 32767 1 32767 32767 1 1 1 0 32767 
32767 32767 1 1 32767 32767 1 1 32767 0 

0 32767 32767 1 1 1 1 1 32767 32767 
32767 0 32767 32767 1 32767 1 1 32767 32767 
32767 32767 0 32767 32767 32767 1 32767 1 1 
1 32767 32767 0 1 1 1 32767 1 32767 
1 1 32767 1 0 1 1 1 1 1 
1 32767 32767 1 1 0 32767 1 32767 1 
1 1 1 1 1 32767 0 1 32767 32767 
1 1 32767 32767 1 1 1 0 32767 32767 
32767 32767 1 1 1 32767 32767 32767 0 32767 
32767 32767 1 32767 1 1 32767 32767 32767 0 

0 32767 32767 1 32767 32767 1 1 1 1 
32767 0 32767 1 32767 1 1 1 32767 1 
32767 32767 0 32767 1 32767 1 1 32767 1 
1 1 32767 0 32767 1 32767 1 1 1 
32767 32767 1 32767 0 1 32767 1 32767 32767 
32767 1 32767 1 1 0 1 1 1 1 
1 1 1 32767 32767 1 0 1 32767 32767 
1 1 1 1 1 1 1 0 32767 32767 
1 32767 32767 1 32767 1 32767 32767 0 32767 
1 1 1 1 32767 1 32767 32767 32767 0 

0 32767 32767 1 32767 1 32767 32767 1 1 
32767 0 32767 1 1 32767 32767 1 32767 1 
32767 32767 0 1 32767 1 32767 1 1 1 
1 1 1 0 1 1 1 32767 32767 1 
32767 1 32767 1 0 32767 32767 1 1 32767 
1 32767 1 1 32767 0 1 32767 1 1 
32767 32767 32767 1 32767 1 0 32767 32767 1 
32767 1 1 32767 1 32767 32767 0 32767 1 
1 32767 1 32767 1 1 32767 32767 0 32767 
1 1 1 1 32767 1 1 1 32767 0 

0 32767 1 1 1 1 32767 1 32767 32767 
32767 0 32767 1 32767 32767 32767 32767 1 1 
1 32767 0 1 32767 32767 1 32767 1 1 
1 1 1 0 1 32767 1 1 1 1 
1 32767 32767 1 0 1 32767 1 1 32767 
1 32767 32767 32767 1 0 32767 32767 1 1 
32767 32767 1 1 32767 32767 0 32767 1 32767 
1 32767 32767 1 1 32767 32767 0 32767 1 
32767 1 1 1 1 1 1 32767 0 32767 
32767 1 1 1 32767 1 32767 1 32767 0 

